# Game Level Exporter v1.0
LIGHT
Light
<Matrix 4x4 (-0.2909, -0.0552,  0.9552, 0.0000)
            (-0.7711,  0.6045, -0.1999, 0.0000)
            (-0.5664, -0.7947, -0.2184, 0.0000)
            ( 4.0762,  5.9039,  1.0055, 1.0000)>
CAMERA
Camera
<Matrix 4x4 ( 0.6859,  0.0000,  0.7277, 0.0000)
            (-0.3240,  0.8954,  0.3054, 0.0000)
            (-0.6516, -0.4453,  0.6142, 0.0000)
            ( 7.3589,  4.9583, -6.9258, 1.0000)>
MESH
FSLogo
<Matrix 4x4 ( 0.0621,  0.0000, 11.8182, 0.0000)
            (-0.0000,  8.8189,  0.0000, 0.0000)
            (-1.0003, -0.0000,  0.0053, 0.0000)
            ( 0.0000, -5.0048, 37.7219, 1.0000)>
