# Game Level Exporter v1.0
CAMERA
Camera
<Matrix 4x4 ( 0.6859,  0.0000,  0.7277, 0.0000)
            (-0.3240,  0.8954,  0.3054, 0.0000)
            (-0.6516, -0.4453,  0.6142, 0.0000)
            ( 7.3589,  4.9583, -6.9258, 1.0000)>
MESH
Arch
<Matrix 4x4 ( 0.0094,  0.0000, 1.0000, 0.0000)
            (-0.0000,  1.0000, 0.0000, 0.0000)
            (-1.0000, -0.0000, 0.0094, 0.0000)
            ( 3.0000,  0.0000, 0.0000, 1.0000)>
MESH
Arch_bars
<Matrix 4x4 (-0.0054,  0.0000, -1.0000, 0.0000)
            ( 0.0000,  1.0000, -0.0000, 0.0000)
            ( 1.0000, -0.0000, -0.0054, 0.0000)
            ( 2.8398,  0.0000,  0.0000, 1.0000)>
MESH
Chest_Gold
<Matrix 4x4 ( 0.6236,  0.0000, 0.7818, 0.0000)
            (-0.0000,  1.0000, 0.0000, 0.0000)
            (-0.7818, -0.0000, 0.6236, 0.0000)
            (-1.7442,  0.0000, 1.7652, 1.0000)>
MESH
Bag_Coins
<Matrix 4x4 ( 0.9718,  0.0000, 0.2359, 0.0000)
            (-0.0000,  1.0000, 0.0000, 0.0000)
            (-0.2359, -0.0000, 0.9718, 0.0000)
            (-1.8527,  0.1089, 0.9640, 1.0000)>
MESH
Bag_Coins.001
<Matrix 4x4 ( 0.1295,  0.0000, -0.9916, 0.0000)
            ( 0.0000,  1.0000,  0.0000, 0.0000)
            ( 0.9916, -0.0000,  0.1295, 0.0000)
            (-0.8527,  0.1089,  1.9640, 1.0000)>
MESH
Bag_Coins.002
<Matrix 4x4 (-0.3287,  0.0000, -0.9445, 0.0000)
            ( 0.0000,  1.0000, -0.0000, 0.0000)
            ( 0.9445, -0.0000, -0.3287, 0.0000)
            (-1.2278,  0.1089,  1.2009, 1.0000)>
MESH
Cobweb
<Matrix 4x4 ( 0.6298,  0.0000, 0.7768, 0.0000)
            (-0.0000,  1.0000, 0.0000, 0.0000)
            (-0.7768, -0.0000, 0.6298, 0.0000)
            (-2.8245,  0.2471, 1.5203, 1.0000)>
MESH
Skull
<Matrix 4x4 (-0.4273,  0.0000,  0.6048, 0.0000)
            (-0.0000,  0.4000, -0.0000, 0.0000)
            (-0.6182, -0.0000, -0.4368, 0.0000)
            (-2.6838,  0.0715,  1.3905, 1.0000)>
MESH
Vase
<Matrix 4x4 ( 1.0409,  0.0000, 0.0000, 0.0000)
            ( 0.0000,  1.7000, 0.0000, 0.0000)
            ( 0.0000, -0.0000, 0.9400, 0.0000)
            (-1.5752,  0.0621, 1.5658, 1.0000)>
MESH
Trapdoor
<Matrix 4x4 (-0.0053,  0.0000, -1.0000, 0.0000)
            ( 0.0000,  1.0000, -0.0000, 0.0000)
            ( 1.0000, -0.0000, -0.0053, 0.0000)
            (-1.9227,  0.1381, -1.9407, 1.0000)>
MESH
Bag_Standing
<Matrix 4x4 ( 1.0000,  0.0000, 0.0000, 0.0000)
            ( 0.0000,  1.0000, 0.0000, 0.0000)
            ( 0.0000, -0.0000, 1.0000, 0.0000)
            (-1.1766,  0.0786, 1.6473, 1.0000)>
MESH
Chest
<Matrix 4x4 (1.0000,  0.0000, 0.0000, 0.0000)
            (0.0000,  1.0000, 0.0000, 0.0000)
            (0.0000, -0.0000, 1.0000, 0.0000)
            (1.9344,  0.0000, 2.4705, 1.0000)>
MESH
Cobweb.001
<Matrix 4x4 (0.8375,  0.0000, -0.5465, 0.0000)
            (0.0000,  1.0000,  0.0000, 0.0000)
            (0.5465, -0.0000,  0.8375, 0.0000)
            (2.5787,  0.1644,  2.8407, 1.0000)>
MESH
objAztec
<Matrix 4x4 (-0.0553,  0.0000,  0.9985, 0.0000)
            (-0.0000,  1.0000, -0.0000, 0.0000)
            (-0.9985, -0.0000, -0.0553, 0.0000)
            ( 0.1066,  0.0503,  2.2879, 1.0000)>
MESH
Barrel
<Matrix 4x4 ( 0.7174,  0.0000,  0.0000, 0.0000)
            ( 0.0000,  0.7485,  0.0000, 0.0000)
            ( 0.0000, -0.0000,  0.8173, 0.0000)
            (-0.7216,  0.0000, -2.4449, 1.0000)>
MESH
Barrel2
<Matrix 4x4 (0.7018,  0.0000,  0.0000, 0.0000)
            (0.0000,  0.6592,  0.0000, 0.0000)
            (0.0000, -0.0000,  0.6814, 0.0000)
            (0.0000,  0.0000, -2.4555, 1.0000)>
MESH
Vase.001
<Matrix 4x4 ( 1.0409,  0.0000,  0.0000, 0.0000)
            ( 0.0000,  1.7000,  0.0000, 0.0000)
            ( 0.0000, -0.0000,  0.9400, 0.0000)
            (-0.3509,  0.0621, -2.9712, 1.0000)>
MESH
Bag_Coins.003
<Matrix 4x4 (-0.8844,  0.0000,  0.4667, 0.0000)
            (-0.0000,  1.0000, -0.0000, 0.0000)
            (-0.4667, -0.0000, -0.8844, 0.0000)
            ( 0.2163,  0.1089, -2.0314, 1.0000)>
MESH
Cobweb.002
<Matrix 4x4 (-0.9884,  0.0000,  0.1519, 0.0000)
            (-0.0000,  1.0000, -0.0000, 0.0000)
            (-0.1519, -0.0000, -0.9884, 0.0000)
            (-0.2789,  0.0797, -2.7760, 1.0000)>
MESH
Bucket
<Matrix 4x4 ( 1.0000,  0.0000,  0.0000, 0.0000)
            ( 0.0000,  1.0000,  0.0000, 0.0000)
            ( 0.0000, -0.0000,  1.0000, 0.0000)
            (-2.5975,  0.0954, -0.8268, 1.0000)>
MESH
Coin_Pile
<Matrix 4x4 ( 0.9654,  0.0000, -0.2607, 0.0000)
            ( 0.0000,  1.0000,  0.0000, 0.0000)
            ( 0.2607, -0.0000,  0.9654, 0.0000)
            (-1.5135,  0.0871,  1.3408, 1.0000)>
MESH
Coin_Pile.001
<Matrix 4x4 ( 0.3987,  0.0000, 0.9171, 0.0000)
            (-0.0000,  1.0000, 0.0000, 0.0000)
            (-0.9171, -0.0000, 0.3987, 0.0000)
            (-1.6113,  0.1083, 1.2413, 1.0000)>
MESH
Coin_Pile.002
<Matrix 4x4 ( 0.3987,  0.0000,  0.9171, 0.0000)
            (-0.0000,  1.0000,  0.0000, 0.0000)
            (-0.9171, -0.0000,  0.3987, 0.0000)
            (-0.8062,  0.9918, -2.5940, 1.0000)>
MESH
Sword_WallMount
<Matrix 4x4 (-0.0243,  0.0000,  0.9997, 0.0000)
            (-0.0000,  1.0000, -0.0000, 0.0000)
            (-0.9997, -0.0000, -0.0243, 0.0000)
            (-2.8340,  2.0575,  0.4701, 1.0000)>
MESH
Torch
<Matrix 4x4 (-0.0176,  0.0000,  0.9998, 0.0000)
            (-0.0000,  1.0000, -0.0000, 0.0000)
            (-0.9998, -0.0000, -0.0176, 0.0000)
            (-2.6795,  1.8392, -0.4471, 1.0000)>
MESH
Torch.001
<Matrix 4x4 (0.9997,  0.0000, -0.0262, 0.0000)
            (0.0000,  1.0000,  0.0000, 0.0000)
            (0.0262, -0.0000,  0.9997, 0.0000)
            (0.9410,  1.8392,  2.6856, 1.0000)>
MESH
Crate
<Matrix 4x4 ( 0.4336,  0.0000,  0.4379, 0.0000)
            (-0.0000,  0.5517,  0.0000, 0.0000)
            (-0.4360, -0.0000,  0.4318, 0.0000)
            ( 2.2088,  0.0930, -2.2434, 1.0000)>
MESH
Cobweb.003
<Matrix 4x4 (-0.3205,  0.0000, -0.9473, 0.0000)
            ( 0.0000,  1.0000, -0.0000, 0.0000)
            ( 0.9473, -0.0000, -0.3205, 0.0000)
            ( 2.0080,  0.0622, -2.7141, 1.0000)>
MESH
Skull.001
<Matrix 4x4 (0.6109,  0.0000, -0.4185, 0.0000)
            (0.0000,  0.4000,  0.0000, 0.0000)
            (0.4278, -0.0000,  0.6245, 0.0000)
            (1.6229,  0.1280, -2.5431, 1.0000)>
MESH
mortar and pestle
<Matrix 4x4 ( 0.0085,  0.0000, -0.0081, 0.0000)
            ( 0.0000,  0.0122,  0.0000, 0.0000)
            ( 0.0068, -0.0000,  0.0071, 0.0000)
            (-2.2134,  0.9763, -0.1696, 1.0000)>
MESH
Glass_Bottle_OBJ
<Matrix 4x4 ( 0.0089,  0.0000, 0.0000, 0.0000)
            ( 0.0000,  0.0094, 0.0000, 0.0000)
            ( 0.0000, -0.0000, 0.0092, 0.0000)
            (-2.2861,  0.9596, 0.1455, 1.0000)>
MESH
Wall_Modular.022
<Matrix 4x4 (1.0000,  0.0000, 0.0000, 0.0000)
            (0.0000,  1.0000, 0.0000, 0.0000)
            (0.0000, -0.0000, 1.0000, 0.0000)
            (0.0000,  0.0000, 0.0000, 1.0000)>
MESH
Wall_Modular.001
<Matrix 4x4 (1.0000,  0.0000, 0.0000, 0.0000)
            (0.0000,  1.0000, 0.0000, 0.0000)
            (0.0000, -0.0000, 1.0000, 0.0000)
            (0.0000, -2.0000, 0.0000, 1.0000)>
MESH
Wall_Modular.002
<Matrix 4x4 (1.0000,  0.0000, 0.0000, 0.0000)
            (0.0000,  1.0000, 0.0000, 0.0000)
            (0.0000, -0.0000, 1.0000, 0.0000)
            (2.0000,  0.0000, 0.0000, 1.0000)>
MESH
Wall_Modular.003
<Matrix 4x4 (1.0000,  0.0000, 0.0000, 0.0000)
            (0.0000,  1.0000, 0.0000, 0.0000)
            (0.0000, -0.0000, 1.0000, 0.0000)
            (2.0000, -2.0000, 0.0000, 1.0000)>
MESH
Wall_Modular.004
<Matrix 4x4 ( 1.0000,  0.0000, 0.0000, 0.0000)
            ( 0.0000,  1.0000, 0.0000, 0.0000)
            ( 0.0000, -0.0000, 1.0000, 0.0000)
            (-2.0000,  0.0000, 0.0000, 1.0000)>
MESH
Wall_Modular.005
<Matrix 4x4 ( 1.0000,  0.0000, 0.0000, 0.0000)
            ( 0.0000,  1.0000, 0.0000, 0.0000)
            ( 0.0000, -0.0000, 1.0000, 0.0000)
            (-2.0000, -2.0000, 0.0000, 1.0000)>
MESH
Wall_Modular.006
<Matrix 4x4 (1.0000,  0.0000,  0.0000, 0.0000)
            (0.0000,  1.0000,  0.0000, 0.0000)
            (0.0000, -0.0000,  1.0000, 0.0000)
            (0.0000,  0.0000, -6.0000, 1.0000)>
MESH
Wall_Modular.007
<Matrix 4x4 (1.0000,  0.0000,  0.0000, 0.0000)
            (0.0000,  1.0000,  0.0000, 0.0000)
            (0.0000, -0.0000,  1.0000, 0.0000)
            (0.0000, -2.0000, -6.0000, 1.0000)>
MESH
Wall_Modular.008
<Matrix 4x4 (1.0000,  0.0000,  0.0000, 0.0000)
            (0.0000,  1.0000,  0.0000, 0.0000)
            (0.0000, -0.0000,  1.0000, 0.0000)
            (2.0000,  0.0000, -6.0000, 1.0000)>
MESH
Wall_Modular.009
<Matrix 4x4 (1.0000,  0.0000,  0.0000, 0.0000)
            (0.0000,  1.0000,  0.0000, 0.0000)
            (0.0000, -0.0000,  1.0000, 0.0000)
            (2.0000, -2.0000, -6.0000, 1.0000)>
MESH
Wall_Modular.010
<Matrix 4x4 ( 1.0000,  0.0000,  0.0000, 0.0000)
            ( 0.0000,  1.0000,  0.0000, 0.0000)
            ( 0.0000, -0.0000,  1.0000, 0.0000)
            (-2.0000,  0.0000, -6.0000, 1.0000)>
MESH
Wall_Modular.011
<Matrix 4x4 ( 1.0000,  0.0000,  0.0000, 0.0000)
            ( 0.0000,  1.0000,  0.0000, 0.0000)
            ( 0.0000, -0.0000,  1.0000, 0.0000)
            (-2.0000, -2.0000, -6.0000, 1.0000)>
MESH
Wall_Modular.012
<Matrix 4x4 (-0.0000,  0.0000, -1.0000, 0.0000)
            ( 0.0000,  1.0000, -0.0000, 0.0000)
            ( 1.0000, -0.0000, -0.0000, 0.0000)
            ( 0.0000,  0.0000,  2.1406, 1.0000)>
MESH
Wall_Modular.013
<Matrix 4x4 (-0.0000,  0.0000, -1.0000, 0.0000)
            ( 0.0000,  1.0000, -0.0000, 0.0000)
            ( 1.0000, -0.0000, -0.0000, 0.0000)
            ( 0.0000, -2.0000,  2.1406, 1.0000)>
MESH
Wall_Modular.014
<Matrix 4x4 (-0.0000,  0.0000, -1.0000, 0.0000)
            ( 0.0000,  1.0000, -0.0000, 0.0000)
            ( 1.0000, -0.0000, -0.0000, 0.0000)
            ( 0.0000,  0.0000, -2.2681, 1.0000)>
MESH
Wall_Modular.015
<Matrix 4x4 (-0.0000,  0.0000, -1.0000, 0.0000)
            ( 0.0000,  1.0000, -0.0000, 0.0000)
            ( 1.0000, -0.0000, -0.0000, 0.0000)
            ( 0.0000, -2.0000, -2.2681, 1.0000)>
MESH
Wall_Modular.016
<Matrix 4x4 ( 0.0000,  0.0000, -1.0000, 0.0000)
            ( 0.0000,  1.0000,  0.0000, 0.0000)
            ( 1.0000, -0.0000,  0.0000, 0.0000)
            (-6.0000,  0.0000,  0.0000, 1.0000)>
MESH
Wall_Modular.017
<Matrix 4x4 ( 0.0000,  0.0000, -1.0000, 0.0000)
            ( 0.0000,  1.0000,  0.0000, 0.0000)
            ( 1.0000, -0.0000,  0.0000, 0.0000)
            (-6.0000, -2.0000,  0.0000, 1.0000)>
MESH
Wall_Modular.018
<Matrix 4x4 ( 0.0000,  0.0000, -1.0000, 0.0000)
            ( 0.0000,  1.0000,  0.0000, 0.0000)
            ( 1.0000, -0.0000,  0.0000, 0.0000)
            (-6.0000,  0.0000, -2.0000, 1.0000)>
MESH
Wall_Modular.019
<Matrix 4x4 ( 0.0000,  0.0000, -1.0000, 0.0000)
            ( 0.0000,  1.0000,  0.0000, 0.0000)
            ( 1.0000, -0.0000,  0.0000, 0.0000)
            (-6.0000, -2.0000, -2.0000, 1.0000)>
MESH
Wall_Modular.020
<Matrix 4x4 ( 0.0000,  0.0000, -1.0000, 0.0000)
            ( 0.0000,  1.0000,  0.0000, 0.0000)
            ( 1.0000, -0.0000,  0.0000, 0.0000)
            (-6.0000,  0.0000,  2.0000, 1.0000)>
MESH
Wall_Modular.021
<Matrix 4x4 ( 0.0000,  0.0000, -1.0000, 0.0000)
            ( 0.0000,  1.0000,  0.0000, 0.0000)
            ( 1.0000, -0.0000,  0.0000, 0.0000)
            (-6.0000, -2.0000,  2.0000, 1.0000)>
MESH
Banner.001
<Matrix 4x4 (1.0000,  0.0000, 0.0000, 0.0000)
            (0.0000,  1.0000, 0.0000, 0.0000)
            (0.0000, -0.0000, 1.0000, 0.0000)
            (0.0000,  0.0000, 0.0000, 1.0000)>
MESH
Pedestal2.001
<Matrix 4x4 (1.0000,  0.0000, 0.0000, 0.0000)
            (0.0000,  1.0000, 0.0000, 0.0000)
            (0.0000, -0.0000, 1.0000, 0.0000)
            (0.0000,  0.0000, 0.0000, 1.0000)>
MESH
Floor_Modular.009
<Matrix 4x4 (1.0000,  0.0000, 0.0000, 0.0000)
            (0.0000,  1.0000, 0.0000, 0.0000)
            (0.0000, -0.0000, 1.0000, 0.0000)
            (0.0000,  0.0000, 0.0000, 1.0000)>
MESH
Floor_Modular.001
<Matrix 4x4 (1.0000,  0.0000, 0.0000, 0.0000)
            (0.0000,  1.0000, 0.0000, 0.0000)
            (0.0000, -0.0000, 1.0000, 0.0000)
            (0.0000,  0.0000, 2.0000, 1.0000)>
MESH
Floor_Modular.002
<Matrix 4x4 (1.0000,  0.0000,  0.0000, 0.0000)
            (0.0000,  1.0000,  0.0000, 0.0000)
            (0.0000, -0.0000,  1.0000, 0.0000)
            (0.0000,  0.0000, -2.0000, 1.0000)>
MESH
Floor_Modular.003
<Matrix 4x4 (1.0000,  0.0000, 0.0000, 0.0000)
            (0.0000,  1.0000, 0.0000, 0.0000)
            (0.0000, -0.0000, 1.0000, 0.0000)
            (2.0000,  0.0000, 0.0000, 1.0000)>
MESH
Floor_Modular.004
<Matrix 4x4 (1.0000,  0.0000, 0.0000, 0.0000)
            (0.0000,  1.0000, 0.0000, 0.0000)
            (0.0000, -0.0000, 1.0000, 0.0000)
            (2.0000,  0.0000, 2.0000, 1.0000)>
MESH
Floor_Modular.005
<Matrix 4x4 (1.0000,  0.0000,  0.0000, 0.0000)
            (0.0000,  1.0000,  0.0000, 0.0000)
            (0.0000, -0.0000,  1.0000, 0.0000)
            (2.0000,  0.0000, -2.0000, 1.0000)>
MESH
Floor_Modular.006
<Matrix 4x4 (1.0000,  0.0000, 0.0000, 0.0000)
            (0.0000,  1.0000, 0.0000, 0.0000)
            (0.0000, -0.0000, 1.0000, 0.0000)
            (4.0000,  0.0000, 0.0000, 1.0000)>
MESH
Floor_Modular.007
<Matrix 4x4 (1.0000,  0.0000, 0.0000, 0.0000)
            (0.0000,  1.0000, 0.0000, 0.0000)
            (0.0000, -0.0000, 1.0000, 0.0000)
            (4.0000,  0.0000, 2.0000, 1.0000)>
MESH
Floor_Modular.008
<Matrix 4x4 (1.0000,  0.0000,  0.0000, 0.0000)
            (0.0000,  1.0000,  0.0000, 0.0000)
            (0.0000, -0.0000,  1.0000, 0.0000)
            (4.0000,  0.0000, -2.0000, 1.0000)>
MESH
Banner_wall.002
<Matrix 4x4 (1.0000,  0.0000, 0.0000, 0.0000)
            (0.0000,  1.0000, 0.0000, 0.0000)
            (0.0000, -0.0000, 1.0000, 0.0000)
            (0.0000,  0.0000, 0.0000, 1.0000)>
MESH
Banner_wall.001
<Matrix 4x4 (1.0000,  0.0000, 0.0000, 0.0000)
            (0.0000,  1.0000, 0.0000, 0.0000)
            (0.0000, -0.0000, 1.0000, 0.0000)
            (0.0000,  0.0000, 3.4696, 1.0000)>
